91.1876
91.1876
91.1876
91.1876
91.1876
91.1876
91.1876
91.1876
91.1876
91.1876
91.1876
91.1876
91.1876
91.1876
91.1876
91.1876
91.1876
91.1876
91.1876
91.1876
91.1876
91.1876
91.1876
91.1876
91.1876
91.1876
91.1876
91.1876
91.1876
91.1876
91.1876
91.1876
91.1876
91.1876
91.1876
91.1876
91.1876
91.1876
91.1876
91.1876
91.1876
91.1876
91.1876
91.1876
91.1876
91.1876
91.1876
91.1876
91.1876
91.1876
91.1876
91.1876
91.1876
91.1876
91.1876
91.1876
91.1876
91.1876
91.1876
91.1876
91.1876
91.1876
91.1876
91.1876
91.1876
91.1876
91.1876
91.1876
91.1876
91.1876
91.1876
91.1876
91.1876
91.1876
91.1876
91.1876
91.1876
91.1876
91.1876
91.1876
91.1876
91.1876
90.6792
91.1876
91.1876
91.1876
91.1876
91.1876
91.1876
91.1876
91.1876
91.1876
91.1876
91.1876
91.1876
91.1876
91.1876
91.1876
91.1876
91.1876
91.1876
91.1876
91.1876
91.1876
91.1876
91.1876
91.1876
91.1876
91.1876
91.1876
91.1876
91.1876
91.1876
91.1876
91.1876
91.1876
91.1876
91.1876
91.1876
91.1876
91.1876
91.1876
90.7858
90.7861
91.1876
91.1876
91.1876
91.1876
91.1876
91.1876
91.1876
91.1876
91.1876
91.1876
91.1876
91.1876
91.1876
91.1876
91.1876
91.1876
91.1876
91.1876
91.1876
91.1876
91.1876
91.1876
91.1876
91.1876
91.1876
91.1876
91.1876
91.1876
91.1876
91.1876
91.1876
91.1876
91.1876
91.1876
91.1876
91.1876
91.1876
91.1876
90.8516
90.8413
90.8787
91.1876
91.1876
91.1876
91.1876
91.1876
91.1876
91.1876
91.1876
91.1876
91.1876
91.1876
91.1876
91.1876
91.1876
91.1876
91.1876
91.1876
91.1876
91.1876
91.1876
91.1876
91.1876
91.1876
91.1876
91.1876
91.1876
91.1876
91.1876
91.1876
91.1876
91.1876
91.1876
91.1876
91.1876
91.1876
91.1876
91.1876
90.7809
90.8676
90.8592
90.8862
91.1876
91.1876
91.1876
91.1876
91.1876
91.1876
91.1876
91.1876
91.1876
91.1876
91.1876
91.1876
91.1876
91.1876
91.1876
91.1876
91.1876
91.1876
91.1876
91.1876
91.1876
91.1876
91.1876
91.1876
91.1876
91.1876
91.1876
91.1876
91.1876
91.1876
91.1876
91.1876
91.1876
91.1876
91.1876
91.1876
90.8402
90.844
90.9029
90.9085
90.9125
91.1876
91.1876
91.1876
91.1876
91.1876
91.1876
91.1876
91.1876
91.1876
91.1876
91.1876
91.1876
91.1876
91.1876
91.1876
91.1876
91.1876
91.1876
91.1876
91.1876
91.1876
91.1876
91.1876
91.1876
91.1876
91.1876
91.1876
91.1876
91.1876
91.1876
91.1876
91.1876
91.1876
91.1876
91.1876
90.7996
90.8731
90.8804
90.9174
90.8886
90.8708
91.1876
91.1876
91.1876
91.1876
91.1876
91.1876
91.1876
91.1876
91.1876
91.1876
91.1876
91.1876
91.1876
91.1876
91.1876
91.1876
91.1876
91.1876
91.1876
91.1876
91.1876
91.1876
91.1876
91.1876
91.1876
91.1876
91.1876
91.1876
91.1876
91.1876
91.1876
91.1876
91.1876
91.1876
90.9082
90.8619
90.9306
90.8907
90.9125
90.8556
90.608
91.1876
91.1876
91.1876
91.1876
91.1876
91.1876
91.1876
91.1876
91.1876
91.1876
91.1876
91.1876
91.1876
91.1876
91.1876
91.1876
91.1876
91.1876
91.1876
91.1876
91.1876
91.1876
91.1876
91.1876
91.1876
91.1876
91.1876
91.1876
91.1876
91.1876
91.1876
91.1876
91.1876
90.8625
90.8935
90.9161
90.9006
90.8676
90.7054
91.0507
92.6659
91.1876
91.1876
91.1876
91.1876
91.1876
91.1876
91.1876
91.1876
91.1876
91.1876
91.1876
91.1876
91.1876
91.1876
91.1876
91.1876
91.1876
91.1876
91.1876
91.1876
91.1876
91.1876
91.1876
91.1876
91.1876
91.1876
91.1876
91.1876
91.1876
91.1876
91.1876
91.1876
90.8009
90.9077
90.8854
90.8888
90.7764
90.8233
92.2809
98.8439
91.7204
91.1876
91.1876
91.1876
91.1876
91.1876
91.1876
91.1876
91.1876
91.1876
91.1876
91.1876
91.1876
91.1876
91.1876
91.1876
91.1876
91.1876
91.1876
91.1876
91.1876
91.1876
91.1876
91.1876
91.1876
91.1876
91.1876
91.1876
91.1876
91.1876
91.1876
91.1876
90.8414
90.8214
90.8997
90.8999
90.6471
91.5998
91.814
91.5679
91.5334
91.4242
91.1876
91.1876
91.1876
91.1876
91.1876
91.1876
91.1876
91.1876
91.1876
91.1876
91.1876
91.1876
91.1876
91.1876
91.1876
91.1876
91.1876
91.1876
91.1876
91.1876
91.1876
91.1876
91.1876
91.1876
91.1876
91.1876
91.1876
91.1876
91.1876
91.1876
90.8072
90.926
90.8405
90.7659
91.0757
92.19
91.4912
91.4304
91.3938
91.3424
91.333
91.1876
91.1876
91.1876
91.1876
91.1876
91.1876
91.1876
91.1876
91.1876
91.1876
91.1876
91.1876
91.1876
91.1876
91.1876
91.1876
91.1876
91.1876
91.1876
91.1876
91.1876
91.1876
91.1876
91.1876
91.1876
91.1876
91.1876
91.1876
91.1876
90.7271
90.7546
90.7729
90.5898
91.5417
91.6137
91.5041
91.3853
91.3738
91.2721
91.1831
91.3649
91.1876
91.1876
91.1876
91.1876
91.1876
91.1876
91.1876
91.1876
91.1876
91.1876
91.1876
91.1876
91.1876
91.1876
91.1876
91.1876
91.1876
91.1876
91.1876
91.1876
91.1876
91.1876
91.1876
91.1876
91.1876
91.1876
91.1876
91.1876
90.8638
90.7984
90.7522
90.9609
91.8577
91.5104
91.4314
91.3974
91.352
91.2506
91.2325
91.1712
91.7328
91.1876
91.1876
91.1876
91.1876
91.1876
91.1876
91.1876
91.1876
91.1876
91.1876
91.1876
91.1876
91.1876
91.1876
91.1876
91.1876
91.1876
91.1876
91.1876
91.1876
91.1876
91.1876
91.1876
91.1876
91.1876
91.1876
91.1876
90.798
90.8592
90.5915
91.2732
91.6171
91.4752
91.3087
91.2201
91.24
91.2767
91.2096
91.1446
91.345
91.1302
91.1876
91.1876
91.1876
91.1876
91.1876
91.1876
91.1876
91.1876
91.1876
91.1876
91.1876
91.1876
91.1876
91.1876
91.1876
91.1876
91.1876
91.1876
91.1876
91.1876
91.1876
91.1876
91.1876
91.1876
91.1876
91.1876
90.8617
90.8027
90.6455
91.592
91.5435
91.4094
91.3005
91.3069
91.1999
91.4169
91.135
91.1671
91.2563
91.3722
91.495
91.1876
91.1876
91.1876
91.1876
91.1876
91.1876
91.1876
91.1876
91.1876
91.1876
91.1876
91.1876
91.1876
91.1876
91.1876
91.1876
91.1876
91.1876
91.1876
91.1876
91.1876
91.1876
91.1876
91.1876
91.1876
90.7229
90.7473
90.9094
91.6777
91.4258
91.399
91.3471
91.2218
91.1193
91.2197
91.3605
91.2544
91.1417
90.7934
90.8255
91.272
91.1876
91.1876
91.1876
91.1876
91.1876
91.1876
91.1876
91.1876
91.1876
91.1876
91.1876
91.1876
91.1876
91.1876
91.1876
91.1876
91.1876
91.1876
91.1876
91.1876
91.1876
91.1876
91.1876
91.1876
90.8313
90.8364
91.1035
91.639
91.4698
91.3434
91.2251
91.432
91.3745
91.0435
91.1335
91.2814
91.2116
91.2671
91.4787
91.7746
91.3538
91.1876
91.1876
91.1876
91.1876
91.1876
91.1876
91.1876
91.1876
91.1876
91.1876
91.1876
91.1876
91.1876
91.1876
91.1876
91.1876
91.1876
91.1876
91.1876
91.1876
91.1876
91.1876
91.1876
90.7705
90.6352
91.3122
91.4813
91.302
91.3825
91.3161
91.2399
91.2554
91.2707
91.1429
91.3131
91.2293
91.2807
91.4473
90.9669
90.6849
92.1416
91.1876
91.1876
91.1876
91.1876
91.1876
91.1876
91.1876
91.1876
91.1876
91.1876
91.1876
91.1876
91.1876
91.1876
91.1876
91.1876
91.1876
91.1876
91.1876
91.1876
91.1876
91.1876
90.8237
90.4997
91.4691
91.4084
91.3312
91.4969
90.9911
91.1394
91.1129
91.2699
90.3397
91.5148
91.394
91.5868
91.3758
91.3128
90.7782
91.1881
90.8079
91.1876
91.1876
91.1876
91.1876
91.1876
91.1876
91.1876
91.1876
91.1876
91.1876
91.1876
91.1876
91.1876
91.1876
91.1876
91.1876
91.1876
91.1876
91.1876
91.1876
91.1876
90.6871
90.7005
91.623
91.3435
91.3376
91.301
91.2708
91.1752
91.2364
91.5207
91.0069
91.1611
91.879
91.3364
91.5845
91.2903
90.7905
90.4545
89.9961
91.4171
91.1876
91.1876
91.1876
91.1876
91.1876
91.1876
91.1876
91.1876
91.1876
91.1876
91.1876
91.1876
91.1876
91.1876
91.1876
91.1876
91.1876
91.1876
91.1876
91.1876
90.8019
90.8975
91.6668
91.4905
91.3241
91.3653
91.0544
91.0427
90.8222
91.072
91.0768
91.041
91.283
91.2383
91.339
91.2238
90.5741
93.4172
89.2929
90.7986
90.2466
91.1876
91.1876
91.1876
91.1876
91.1876
91.1876
91.1876
91.1876
91.1876
91.1876
91.1876
91.1876
91.1876
91.1876
91.1876
91.1876
91.1876
91.1876
91.1876
90.6181
91.1335
91.2974
91.3032
91.2082
91.3352
91.1581
91.0686
91.5071
91.0046
91.0747
90.9916
90.7901
91.1354
91.5959
91.0281
91.4005
93.0165
91.5811
89.3717
89.4019
88.25
91.1876
91.1876
91.1876
91.1876
91.1876
91.1876
91.1876
91.1876
91.1876
91.1876
91.1876
91.1876
91.1876
91.1876
91.1876
91.1876
91.1876
91.1876
90.7598
91.2081
91.4056
91.3253
91.3229
91.4549
91.3501
90.8895
91.5923
91.0473
91.2079
91.1588
91.3563
90.9186
91.5769
90.6793
90.7734
92.6331
90.2895
92.25
88.6976
89.2946
91.1876
91.1876
91.1876
91.1876
91.1876
91.1876
91.1876
91.1876
91.1876
91.1876
91.1876
91.1876
91.1876
91.1876
91.1876
91.1876
91.1876
91.1876
90.8286
91.2706
91.6137
91.4477
91.4191
91.0994
91.653
91.1516
91.3877
91.2298
91.2309
91.305
90.8259
91.9757
91.1011
90.8589
90.3149
90.7215
91.7853
91.25
89.2626
88.805
91.1876
91.1876
91.1876
91.1876
91.1876
91.1876
91.1876
91.1876
91.1876
91.1876
91.1876
91.1876
91.1876
91.1876
91.1876
91.1876
91.1876
91.1876
90.9127
91.4891
91.4281
91.3682
91.4071
91.265
91.2085
90.5993
91.2238
91.59
91.4019
90.7711
90.8531
92.1845
93.2491
90.6598
91.6793
91.4553
90.3541
92.7135
88.25
89.0975
91.0898
91.1876
91.1876
91.1876
91.1876
91.1876
91.1876
91.1876
91.1876
91.1876
91.1876
91.1876
91.1876
91.1876
91.1876
91.1876
91.1876
91.1876
90.7827
91.248
91.5057
91.4158
91.6483
91.1794
91.428
91.5393
90.8884
91.7153
90.8911
91.9532
91.7544
91.5151
89.8815
90.75
90.0612
90.9944
90.3686
93.2091
90.4439
88.5557
90.5651
91.3066
95.9793
91.1876
91.1876
91.1876
91.1876
91.1876
91.1876
91.1876
91.1876
91.1876
91.1876
91.1876
91.1876
91.1876
91.1876
91.1876
90.4789
91.5325
91.5829
91.5201
91.3266
91.4667
91.3476
91.5762
90.9342
90.6881
90.289
90.4915
92.2128
88.1272
91.75
89.6726
92.75
90.8601
90.2454
92.5066
89.7495
93.25
91.1876
91.5174
91.1876
73.5016
91.1876
91.1876
91.1876
91.1876
91.1876
91.1876
91.1876
91.1876
91.1876
91.1876
91.1876
91.1876
91.1876
91.1876
90.8721
91.5012
91.3866
91.3348
91.6348
91.2124
91.4006
91.1169
88.8254
91.3641
91.3414
90.8849
92.5767
90.9499
90.9274
91.6771
90.4295
90.9036
88.9942
91.5546
90.2172
86.3507
91.1876
91.1876
92.7802
91.1876
91.1876
91.1876
91.1876
91.1876
91.1876
91.1876
91.1876
91.1876
91.1876
91.1876
91.1876
91.1876
91.1876
91.1876
91.0891
91.275
91.0765
91.3123
90.8744
90.7795
91.6133
90.7571
91.715
91.3098
91.3985
90.9053
91.1369
90.3957
89.7335
88.9226
90.8313
89.7819
93.2585
91.1876
89.9208
90.0593
91.1876
91.1876
91.1876
91.1876
91.1876
91.1876
91.1876
91.1876
91.1876
91.1876
91.1876
91.1876
91.1876
91.1876
91.1876
91.1876
91.1876
91.1876
90.9598
91.502
91.4906
91.1062
91.3613
90.7507
90.8855
91.1808
91.7452
92.2474
88.7132
90.6429
89.9133
92.1209
90.401
88.9469
92.2112
90.2941
89.9851
88.7677
91.1876
91.1876
91.1876
91.1876
91.1876
91.1876
91.1876
91.1876
91.1876
91.1876
91.1876
91.1876
91.1876
91.1876
91.1876
91.1876
91.1876
91.1876
91.1876
91.1876
90.9491
91.8972
91.0946
91.4637
90.548
91.6134
91.4341
91.0088
91.1014
91.9116
89.1435
90.7154
92.1342
91.8976
91.3681
91.6905
90.5989
89.6021
90.25
91.1876
91.1876
91.1876
91.1876
91.1876
91.1876
92.3367
91.1876
91.1876
91.1876
91.1876
91.1876
91.1876
91.1876
91.1876
91.1876
91.1876
91.1876
91.1876
91.1876
91.1876
90.8923
91.5175
91.1876
91.0259
91.8253
91.3939
90.8944
92.1469
90.5398
89.75
89.5214
89.25
89.25
91.4314
94.2483
86.4007
89.7117
91.0828
88.7405
91.1876
92.197
91.1876
91.1876
91.1876
91.1876
91.1876
91.1876
91.1876
91.1876
91.1876
91.1876
91.1876
91.1876
91.1876
91.1876
91.1876
91.1876
91.1876
91.1876
91.1876
91.1041
91.4153
91.9461
91.1831
90.8904
91.8838
91.5577
90.7975
92.7796
90.8218
90.25
89.4545
88.7222
91.1652
90.5171
91.1876
87.7422
91.3531
91.1876
91.1876
91.1876
91.1876
91.1876
91.1876
91.1876
91.1876
91.1876
91.1876
91.1876
91.1876
91.1876
91.1876
91.1876
91.1876
91.1876
91.1876
91.1876
91.1876
91.1876
91.1876
91.4394
91.5295
91.4178
91.3908
91.9559
91.3321
90.8209
89.1386
90.1571
92.1494
92.9363
91.0474
89.6007
90.8361
92.5819
93.1618
92.0266
91.1876
91.1876
91.1876
91.1876
91.1876
91.1876
91.1876
91.1876
91.1876
91.1876
91.1876
91.1876
91.1876
91.1876
91.1876
91.1876
91.1876
91.1876
91.1876
91.1876
91.1876
91.1876
91.1876
91.1764
91.2938
91.1316
89.3094
91.7794
91.1544
92.2363
91.9357
91.2281
91.2391
91.6675
89.1964
90.5973
90.7791
91.1876
91.1876
91.1876
91.1876
91.1876
91.1876
92.0624
91.1876
92.6742
89.4278
91.1876
91.1876
91.1876
91.1876
91.1876
91.1876
91.1876
91.1876
91.1876
91.1876
91.1876
91.1876
91.1876
91.1876
91.1876
91.1876
91.3894
91.2873
91.5682
90.5944
88.7752
90.7272
91.1594
90.1733
92.3491
88.0661
90.6794
90.3539
90.8222
91.1876
90.7742
91.1876
86.6569
91.9147
91.1876
91.1876
91.1876
91.1876
91.1876
91.1876
91.1876
91.1876
91.1876
91.1876
91.1876
91.1876
91.1876
91.1876
91.1876
91.1876
91.1876
91.1876
91.1876
91.1876
91.1876
91.1876
91.5561
91.1987
91.3729
92.2454
89.9089
91.713
91.3377
90.2562
91.4591
91.8871
90.3382
89.2035
89.1179
89.901
91.5649
91.1876
91.1876
91.1876
91.1876
91.1876
91.1876
91.1876
91.1876
91.1876
91.1876
91.1876
91.1876
91.1876
91.1876
91.1876
91.1876
91.1876
91.1876
91.1876
91.1876
91.1876
91.1876
91.1876
91.1876
91.1876
91.4068
91.7805
92.0543
91.004
89.7194
90.1308
91.4066
91.4996
93.0714
91.7077
88.1903
87.4213
91.25
87.2691
91.0863
91.1876
91.1876
91.1876
91.1876
91.1876
91.1876
91.1876
91.1876
91.1876
91.1876
91.1876
91.1876
91.1876
91.1876
91.1876
91.1876
91.1876
91.1876
91.1876
91.1876
91.1876
91.1876
91.1876
