91.1876
91.1876
91.1876
91.1876
91.1876
91.1876
91.1876
91.1876
91.1876
91.1876
91.1876
91.1876
91.1876
91.1876
91.1876
91.1876
91.1876
91.1876
91.1876
91.1876
91.1876
91.1876
91.1876
91.1876
91.1876
91.1876
91.1876
91.1876
91.1876
91.1876
91.1876
91.1876
91.1876
91.1876
91.1876
91.1876
91.1876
91.1876
91.1876
91.1876
91.1876
91.1876
91.1876
91.1876
91.1876
91.1876
91.1876
91.1876
91.1876
91.1876
91.1876
91.1876
91.1876
91.1876
91.1876
91.1876
91.1876
91.1876
91.1876
91.1876
91.1876
91.1876
91.1876
91.1876
91.1876
91.1876
91.1876
91.1876
91.1876
91.1876
91.1876
91.1876
91.1876
91.1876
91.1876
91.1876
91.1876
91.1876
91.1876
91.1876
91.1876
91.1876
90.5544
91.1876
91.1876
91.1876
91.1876
91.1876
91.1876
91.1876
91.1876
91.1876
91.1876
91.1876
91.1876
91.1876
91.1876
91.1876
91.1876
91.1876
91.1876
91.1876
91.1876
91.1876
91.1876
91.1876
91.1876
91.1876
91.1876
91.1876
91.1876
91.1876
91.1876
91.1876
91.1876
91.1876
91.1876
91.1876
91.1876
91.1876
91.1876
91.1876
90.6907
90.6801
91.1876
91.1876
91.1876
91.1876
91.1876
91.1876
91.1876
91.1876
91.1876
91.1876
91.1876
91.1876
91.1876
91.1876
91.1876
91.1876
91.1876
91.1876
91.1876
91.1876
91.1876
91.1876
91.1876
91.1876
91.1876
91.1876
91.1876
91.1876
91.1876
91.1876
91.1876
91.1876
91.1876
91.1876
91.1876
91.1876
91.1876
91.1876
90.6616
90.7571
90.8164
91.1876
91.1876
91.1876
91.1876
91.1876
91.1876
91.1876
91.1876
91.1876
91.1876
91.1876
91.1876
91.1876
91.1876
91.1876
91.1876
91.1876
91.1876
91.1876
91.1876
91.1876
91.1876
91.1876
91.1876
91.1876
91.1876
91.1876
91.1876
91.1876
91.1876
91.1876
91.1876
91.1876
91.1876
91.1876
91.1876
91.1876
90.7659
90.8227
90.8189
90.8082
91.1876
91.1876
91.1876
91.1876
91.1876
91.1876
91.1876
91.1876
91.1876
91.1876
91.1876
91.1876
91.1876
91.1876
91.1876
91.1876
91.1876
91.1876
91.1876
91.1876
91.1876
91.1876
91.1876
91.1876
91.1876
91.1876
91.1876
91.1876
91.1876
91.1876
91.1876
91.1876
91.1876
91.1876
91.1876
91.1876
90.7347
90.8401
90.8787
90.8135
90.8089
91.1876
91.1876
91.1876
91.1876
91.1876
91.1876
91.1876
91.1876
91.1876
91.1876
91.1876
91.1876
91.1876
91.1876
91.1876
91.1876
91.1876
91.1876
91.1876
91.1876
91.1876
91.1876
91.1876
91.1876
91.1876
91.1876
91.1876
91.1876
91.1876
91.1876
91.1876
91.1876
91.1876
91.1876
91.1876
90.8313
90.8143
90.8228
90.8096
90.8863
90.8324
91.1876
91.1876
91.1876
91.1876
91.1876
91.1876
91.1876
91.1876
91.1876
91.1876
91.1876
91.1876
91.1876
91.1876
91.1876
91.1876
91.1876
91.1876
91.1876
91.1876
91.1876
91.1876
91.1876
91.1876
91.1876
91.1876
91.1876
91.1876
91.1876
91.1876
91.1876
91.1876
91.1876
91.1876
90.8246
90.7549
90.7794
90.8355
90.8167
90.7752
90.5286
91.1876
91.1876
91.1876
91.1876
91.1876
91.1876
91.1876
91.1876
91.1876
91.1876
91.1876
91.1876
91.1876
91.1876
91.1876
91.1876
91.1876
91.1876
91.1876
91.1876
91.1876
91.1876
91.1876
91.1876
91.1876
91.1876
91.1876
91.1876
91.1876
91.1876
91.1876
91.1876
91.1876
90.7943
90.7871
90.8305
90.7998
90.821
90.6493
91.0333
92.7325
91.1876
91.1876
91.1876
91.1876
91.1876
91.1876
91.1876
91.1876
91.1876
91.1876
91.1876
91.1876
91.1876
91.1876
91.1876
91.1876
91.1876
91.1876
91.1876
91.1876
91.1876
91.1876
91.1876
91.1876
91.1876
91.1876
91.1876
91.1876
91.1876
91.1876
91.1876
91.1876
90.8141
90.8012
90.7988
90.8391
90.7566
90.7678
92.3054
98.6074
91.6425
91.1876
91.1876
91.1876
91.1876
91.1876
91.1876
91.1876
91.1876
91.1876
91.1876
91.1876
91.1876
91.1876
91.1876
91.1876
91.1876
91.1876
91.1876
91.1876
91.1876
91.1876
91.1876
91.1876
91.1876
91.1876
91.1876
91.1876
91.1876
91.1876
91.1876
91.1876
90.6957
90.8101
90.7863
90.7664
90.4333
91.638
92.1282
91.5927
91.4532
91.4567
91.1876
91.1876
91.1876
91.1876
91.1876
91.1876
91.1876
91.1876
91.1876
91.1876
91.1876
91.1876
91.1876
91.1876
91.1876
91.1876
91.1876
91.1876
91.1876
91.1876
91.1876
91.1876
91.1876
91.1876
91.1876
91.1876
91.1876
91.1876
91.1876
91.1876
90.7775
90.809
90.7525
90.7251
91.065
92.3012
91.5686
91.4805
91.3857
91.2895
91.3846
91.1876
91.1876
91.1876
91.1876
91.1876
91.1876
91.1876
91.1876
91.1876
91.1876
91.1876
91.1876
91.1876
91.1876
91.1876
91.1876
91.1876
91.1876
91.1876
91.1876
91.1876
91.1876
91.1876
91.1876
91.1876
91.1876
91.1876
91.1876
91.1876
90.8262
90.7531
90.8757
90.5011
91.5943
91.6899
91.523
91.3828
91.3698
91.3735
91.2224
91.5973
91.1876
91.1876
91.1876
91.1876
91.1876
91.1876
91.1876
91.1876
91.1876
91.1876
91.1876
91.1876
91.1876
91.1876
91.1876
91.1876
91.1876
91.1876
91.1876
91.1876
91.1876
91.1876
91.1876
91.1876
91.1876
91.1876
91.1876
91.1876
90.6833
90.7653
90.7554
90.8703
91.8155
91.5576
91.377
91.3646
91.2455
91.2435
91.2574
90.951
91.4041
91.1876
91.1876
91.1876
91.1876
91.1876
91.1876
91.1876
91.1876
91.1876
91.1876
91.1876
91.1876
91.1876
91.1876
91.1876
91.1876
91.1876
91.1876
91.1876
91.1876
91.1876
91.1876
91.1876
91.1876
91.1876
91.1876
91.1876
90.8417
90.7617
90.647
91.2822
91.632
91.5469
91.3513
91.2281
91.1883
91.2601
91.2398
91.3677
91.1744
91.3609
91.1876
91.1876
91.1876
91.1876
91.1876
91.1876
91.1876
91.1876
91.1876
91.1876
91.1876
91.1876
91.1876
91.1876
91.1876
91.1876
91.1876
91.1876
91.1876
91.1876
91.1876
91.1876
91.1876
91.1876
91.1876
91.1876
90.8483
90.7744
90.5738
91.6164
91.4855
91.4504
91.2277
91.3014
91.2551
91.1522
91.1345
91.0431
91.0967
91.1436
90.8677
91.1876
91.1876
91.1876
91.1876
91.1876
91.1876
91.1876
91.1876
91.1876
91.1876
91.1876
91.1876
91.1876
91.1876
91.1876
91.1876
91.1876
91.1876
91.1876
91.1876
91.1876
91.1876
91.1876
91.1876
91.1876
90.6455
90.6476
90.7811
91.6789
91.4239
91.3825
91.2029
91.2117
91.3198
91.1692
90.6782
91.3509
91.0368
91.1765
91.1389
90.892
91.1876
91.1876
91.1876
91.1876
91.1876
91.1876
91.1876
91.1876
91.1876
91.1876
91.1876
91.1876
91.1876
91.1876
91.1876
91.1876
91.1876
91.1876
91.1876
91.1876
91.1876
91.1876
91.1876
91.1876
90.6292
90.5097
91.0243
91.5185
91.3365
91.3987
91.1035
91.1812
91.3259
91.4987
91.1839
91.0619
90.9861
91.3298
91.1913
91.3879
89.4471
91.1876
91.1876
91.1876
91.1876
91.1876
91.1876
91.1876
91.1876
91.1876
91.1876
91.1876
91.1876
91.1876
91.1876
91.1876
91.1876
91.1876
91.1876
91.1876
91.1876
91.1876
91.1876
91.1876
90.8051
90.5007
91.3296
91.5394
91.2748
91.2869
91.3863
91.2438
91.4318
90.7439
91.2105
91.104
91.4641
91.1857
90.7683
91.5666
91.1888
89.5306
91.1876
91.1876
91.1876
91.1876
91.1876
91.1876
91.1876
91.1876
91.1876
91.1876
91.1876
91.1876
91.1876
91.1876
91.1876
91.1876
91.1876
91.1876
91.1876
91.1876
91.1876
91.1876
90.784
90.4556
91.3926
91.2884
91.185
91.3111
91.3336
91.2846
91.181
90.9207
91.1206
91.3545
91.2235
90.9096
91.3698
91.5123
91.4592
91.5375
92.1324
91.1876
91.1876
91.1876
91.1876
91.1876
91.1876
91.1876
91.1876
91.1876
91.1876
91.1876
91.1876
91.1876
91.1876
91.1876
91.1876
91.1876
91.1876
91.1876
91.1876
91.1876
90.972
90.6841
91.5791
91.2627
91.192
91.3992
90.739
91.2965
91.4327
91.0579
91.4064
91.0603
91.0541
90.9373
90.9322
91.7096
91.2144
91.1758
89.9162
90.5367
91.1876
91.1876
91.1876
91.1876
91.1876
91.1876
91.1876
91.1876
91.1876
91.1876
91.1876
91.1876
91.1876
91.1876
91.1876
91.1876
91.1876
91.1876
91.1876
91.1876
90.5027
90.9826
91.4344
91.409
91.2848
91.0859
91.0805
91.293
90.9057
91.389
90.7572
91.638
91.5069
91.4876
90.2545
91.79
92.3414
91.3671
88.3187
92.161
88.7084
91.1876
91.1876
91.1876
91.1876
91.1876
91.1876
91.1876
91.1876
91.1876
91.1876
91.1876
91.1876
91.1876
91.1876
91.1876
91.1876
91.1876
91.1876
91.1876
90.9753
90.9777
91.548
91.2739
91.4312
91.2131
91.1515
91.1289
91.1471
91.5808
91.3548
91.1536
90.7143
91.148
91.2311
91.3109
91.0627
92.3713
90.1784
90.1323
92.2748
88.0635
91.1876
91.1876
91.1876
91.1876
91.1876
91.1876
91.1876
91.1876
91.1876
91.1876
91.1876
91.1876
91.1876
91.1876
91.1876
91.1876
91.1876
91.1876
90.7427
91.0924
91.5907
91.485
90.99
91.5817
91.1762
90.7398
91.0041
91.2517
91.257
91.1798
91.245
91.2373
91.5563
89.4185
89.5908
89.8506
92.7499
91.5775
91.0783
91.7638
91.1876
91.1876
91.1876
91.1876
91.1876
91.1876
91.1876
91.1876
91.1876
91.1876
91.1876
91.1876
91.1876
91.1876
91.1876
91.1876
91.1876
91.1876
90.5548
91.2315
91.2459
90.9847
91.2924
91.2982
91.0206
91.3059
90.6739
91.3389
91.3382
91.9465
91.4407
90.9193
92.2107
93.1328
89.9834
91.2479
88.9079
91.4035
91.1503
93.8425
87.0122
91.1876
91.1876
91.1876
91.1876
91.1876
91.1876
91.1876
91.1876
91.1876
91.1876
91.1876
91.1876
91.1876
91.1876
91.1876
91.1876
91.1876
90.4608
91.4171
91.3983
91.1925
91.4411
91.2962
90.892
91.4604
90.9278
91.0662
91.1894
91.2252
91.199
90.6691
90.4696
91.0356
91.1332
88.4375
92.342
92.2517
89.6406
89.7834
91.9428
91.2067
91.1876
91.1876
91.1876
91.1876
91.1876
91.1876
91.1876
91.1876
91.1876
91.1876
91.1876
91.1876
91.1876
91.1876
91.1876
91.1876
90.8251
91.6053
91.2006
91.1482
91.7964
90.9657
91.0321
90.9669
90.9621
91.0372
91.2453
92.1992
91.5567
91.0587
90.8387
88.0911
90.8187
91.7091
94.349
90.1794
90.0525
89.2499
89.5358
91.4447
91.1876
91.1876
91.1876
91.1876
91.1876
91.1876
91.1876
91.1876
91.1876
91.1876
91.1876
91.1876
91.1876
91.1876
91.1876
91.1876
90.8189
91.6491
91.2278
91.3241
91.131
90.9509
91.4756
91.2451
91.1997
91.0756
91.2624
90.3926
92.0158
90.6818
90.4415
90.8975
90.6952
91.5746
91.5616
87.3041
91.8191
91.1876
91.1876
91.1876
91.1876
91.1876
91.1876
91.1876
91.1876
91.1876
91.1876
91.1876
91.1876
91.1876
91.1876
91.1876
91.1876
91.1876
91.1876
91.1876
91.2983
91.2374
91.2337
90.8318
91.1091
91.1403
90.4551
91.2548
91.0184
91.1722
90.2965
92.0688
92.6149
93.1823
90.4493
91.2498
88.5832
91.7998
91.8369
92.4757
91.1876
91.1876
91.1876
91.1876
90.75
91.1876
91.1876
91.1876
91.1876
91.1876
91.1876
91.1876
91.1876
91.1876
91.1876
91.1876
91.1876
91.1876
91.1876
91.1876
90.7391
91.4817
91.3149
91.0841
91.6457
91.2868
91.2714
91.4828
91.3679
91.3684
92.9265
91.3996
91.1132
90.8217
93.2586
91.0996
91.1373
89.9147
90.1155
90.2987
89.5464
91.1876
91.1876
91.4758
91.1876
91.1876
91.1876
91.1876
91.1876
91.1876
91.1876
91.1876
91.1876
91.1876
91.1876
91.1876
91.1876
91.1876
91.1876
91.1876
91.3926
91.322
91.5271
91.467
91.6467
91.1928
91.1157
91.0067
90.151
92.6329
87.6918
88.8621
90.8979
88.7592
91.6176
90.4379
85.7132
89.7778
89.6462
91.2843
91.1876
90.829
91.1876
91.1876
91.1876
91.1876
93.0517
91.1876
91.1876
91.1876
91.1876
91.1876
91.1876
91.1876
91.1876
91.1876
91.1876
91.1876
91.1876
91.1876
90.7834
91.0566
91.4059
91.1885
90.3435
91.5639
91.2907
91.059
88.9025
89.4132
89.9023
93.1938
92.5514
91.297
88.8342
90.6267
94.4036
90.9594
91.4849
89.2259
89.2796
71.4986
91.1876
91.1876
91.1876
91.1876
91.1876
91.1876
91.1876
91.1876
91.1876
91.1876
91.1876
91.1876
91.1876
91.1876
91.1876
91.1876
91.1876
91.1876
91.2325
90.9248
91.4635
90.9747
91.4786
91.4952
90.9115
90.4762
92.4017
91.247
90.9936
87.1677
91.7347
89.9597
90.25
91.4345
90.6179
91.1876
92.25
91.1876
91.1876
91.1876
91.1876
90.755
91.1876
91.1876
91.1876
91.1876
91.1876
91.1876
91.1876
91.1876
91.1876
91.1876
91.1876
91.1876
91.1876
91.1876
91.1876
91.1876
91.0017
91.1874
90.9829
91.7626
92.7767
90.9171
90.8464
92.0225
90.552
89.4839
92.0432
91.1276
89.1249
89.4702
91.0187
87.3392
91.1876
88.2182
91.1876
91.1876
91.1876
91.1876
91.1876
91.1876
91.1876
91.1876
91.1876
91.1876
91.1876
91.1876
91.1876
91.1876
91.1876
91.1876
91.1876
91.1876
91.1876
91.1876
91.1876
91.1876
90.9029
91.8643
91.224
91.2451
92.014
90.7989
90.1646
92.1285
90.0865
89.9503
88.7297
90.329
92.674
91.4045
88.7271
91.1876
91.1876
90.7276
91.1876
90.9357
91.1876
81.5834
91.1876
91.1876
91.1876
91.1876
91.1876
91.1876
91.1876
91.1876
91.1876
91.1876
91.1876
91.1876
91.1876
91.1876
91.1876
91.1876
91.1876
91.1876
91.4192
91.2326
92.1325
91.6971
90.7418
89.5575
89.5974
90.1001
91.0157
92.7637
93.0826
89.6401
89.1415
88.5271
90.9103
87.2139
89.0395
88.8319
91.1876
91.1876
91.1876
91.1876
91.1876
91.1876
91.1876
91.1876
91.1876
91.1876
91.1876
91.1876
91.1876
91.1876
91.1876
91.1876
91.1876
91.1876
91.1876
91.1876
91.1876
91.1876
91.4279
91.8057
90.9618
92.3141
91.3941
87.75
91.7386
92.3267
90.0211
88.8652
86.3603
88.0633
93.6185
88.6976
91.1876
91.1876
91.1876
91.1876
91.1876
91.1876
91.1876
91.1876
91.1876
91.1876
91.1876
91.1876
91.1876
91.1876
91.1876
91.1876
91.1876
91.1876
91.1876
91.1876
91.1876
91.1876
91.1876
91.1876
91.1876
91.1876
91.2757
90.9997
90.1831
91.0596
92.4981
91.1594
92.0446
90.9825
89.5346
86.5043
90.3068
90.7948
90.8119
91.1876
91.2231
91.1876
91.1876
90.6281
91.1876
91.1876
91.1876
91.1876
91.1876
91.1876
91.1876
91.1876
91.1876
91.1876
91.1876
91.1876
91.1876
91.1876
91.1876
91.1876
91.1876
91.1876
91.1876
91.1876
91.1876
91.1876
91.6845
90.91
90.2728
88.4339
91.2463
94.7835
89.9218
92.3577
91.1913
90.123
91.8602
89.3348
89.7877
91.0621
91.1876
91.1876
86.1697
91.1876
91.1876
91.1876
91.1876
91.1876
91.1876
91.1876
91.1876
91.1876
91.1876
91.1876
91.1876
91.1876
91.1876
91.1876
91.1876
91.1876
91.1876
91.1876
91.1876
91.1876
