 124357492 
1809358431 
1724867893 
3254332220 
2357775230 
3723252135 
3890244969 
3168352324 
1192729001 
 746251903 
4170898824 
3732719679 
 342051988 
1324420187 
2321007214 
 472611025 
2427972794 
2329766686 
2554221916 
 530650155 
3782445401 
2651620265 
 584724377 
2324075593 
3377661599 
 963420577 
1219870254 
2918841437 
2714049329 
 250333033 
3396669554 
1906073247 
 590463414 
 473450211 
2618590358 
2653918308 
2715886641 
1032976446 
 967393404 
2906987224 
2181476362 
 998139584 
3376803837 
4147119627 
1433962831 
  10312714 
1007863203 
1361615550 
4222398336 
 745276467 
 589652134 
4104892462 
1837168478 
2612959451 
4032587153 
1610614335 
1762762472 
1604746943 
 824665648 
2676620880 
2615826220 
 725816227 
3486331764 
3457580195 
 959753434 
 757920350 
1340268915 
 890914506 
4191272767 
3642565542 
3558272633 
1786913479 
2245478458 
 136899495 
2936140675 
 246764735 
2663519445 
 204744861 
2673912292 
 688747010 
3181329579 
3885535216 
3968192855 
  82483892 
3672122975 
 131914275 
2625153443 
 166154563 
2372616861 
2634252330 
 604669315 
1871014766 
3129921974 
 175271298 
1587138791 
 121085299 
3422449340 
1984735901 
2460020454 
 837311874 
